92
29
03
36
82
02
28
11
16
29
95
46
31
61
09
47
94
49
43
00
36
65
31
06
74
56
82
71
97
35
86
17
77
16
50
41
21
89
44
88
96
49
68
91
99
51
56
26
69
43
00
31
29
61
35
42
11
50
33
01
67
48
94
91
58
78
27
91
15
70
26
58
38
84
88
06
92
31
57
01
61
37
04
81
13
21
59
68
34
91
73
12
85
53
93
79
01
62
38
00
37
91
72
46
37
04
38
12
02
07
22
36
61
55
83
80
46
00
22
14
02
68
03
45
73
80
29
53
24
10
20
56
23
56
07
57
54
63
41
68
65
38
86
18
29
32
99
13
92
38
21
04
80
01
94
95
02
28
48
43
19
05
54
81
45
90
65
67
65
83
70
42
45
93
36
84
72
32
83
50
90
62
43
07
77
86
78
28
79
62
40
81
86
35
23
53
53
62
51
84