84
78
79
24
49
72
63
27
02
74
19
58
67
00
92
09
29
34
12
40
64
27
65
35
93
97
98
94
95
47
32
17
08
42
38
23
74
54
37
09
01
87
67
49
59
21
04
29
00
60
70
73
82
13
92
91
59
12
89
56
66
90
35
13
41
26
60
49
54
55
47
60
11
01
38
65
92
83
74
33
05
18
78
92
99
07
24
24
43
96
23
10
29
05
74
73
71
07
10
92
15
18
35
90
37
83
33
88
71
30
35
90
21
73
85
60
56
81
20
45
84
85
44
25
29
94
88
22
11
34
33
36
63
55
09
77
87
54
20
26
41
92
74
44
59
15
73
20
69
01
41
87
54
73
26
91
04
67
15
41
91
72
84
03
94
18
85
57
81
42
39
11
18
52
40
44
79
15
12
79
84
58
20
84
01
56
69
25
68
30
24
29
93
05
85
94
56
71
55
52
27
83
01
81
32
32
17
03
43
79
82
72
52
84
00
12
00
50
83
84
49
23
50
98
40
56
37
14
39
05
17
47
34
92
14
33
64
05
62
36
10
92
34
57
23
01
83
83
66
87