583
810
586
765
519
841
643
461
748
704
061
917
390
881
563
130
251
560
482
452
142
005
907
507
017
244
843
622
412
144
519
163
068
251
548
047
784
358
035
095
202
706
111
936
483
068
842
949
015
305
815
705
277
595
310
011
373
924
400
391
169
489
401
473
988
617
942
484
883
086
812
687
208
832
977
529
270
607
978
622
601
732
570
291
314
973
917
603
090
487
731
106
553
502
408
658
586
739
121
723
240
442
317
562
826
512
029
531
737
032
859
367
982
847
929
696
401
589
537
838
800
066
083
106
082
212
454
259
844
051
821
279
953
659
510
813
478
321
995
417
759
891
254
486
551
848
596
120
674
636
268
050
712
730
919
911
244
234
732
164
410
605
186
756
951
762
479
805
883
188
250
295
942
896
145
992
037
581
969
319
936
752
372
030
271
359
366
727
791
440
051
635
745
462
771
511
487
224
407
692
611
826
617
196
705
035
098
056
324
032
420
401
751
563
870
148
157
592
286
728
963
971
966
577
029
445
950
162
311
684
302
872
016
158
575
579
227
263
901
401
317
801
727
605
430
083
622
045
348
465
009
408
433
582
974
463
263
907
773
895
119
099
225
205
737
367
363
650
814
155
907
944
000
454
217
239
868
499
750
246
229
727
102
561
103
368
296
110
678
410
200
649
918
580
689
850
142
446
709
507