781
544
903
775
219
267
510
573
534
316
787
763
110
706
156
167
204
202
682
213
554
244
690
851
085
610
198
251
488
473
520
426
854
315
617
217
045
366
239
396
780
457
742
462
482
093
136
655
492
342
576
780
326
238
124
941
534
918
976
909
557
143
703
785
864
191
657
320
200
250
117
032
731
554
216
665
493
314
762
550
260
615
821
050
642
127
377
073
452
760
095
828
384
228
644
043
740
940
244
692
537
501
964
730
486
647
705
426
775
397
551
760
162
704
629
049
776
580
600
738
346
572
227
251
697
435
912
476
728
309
565
748
425
468
259
792
385
596
323
717
777
514
081
852
882
516
832
618
808
964
756
976
469
862
141
149
789
203
703
162
702
890
327
475
548
194
508
960
689
093
601
656
100
355
008
051
414
564
613
973
765
601
722
867
630
867
127
393
867
585
625
022
714
156
716
738
724
893
408
787
887
807
174
955
253
741
055
392
591
900
391
783
962
095
208
074
369
496
969
788
013
350
797
796
051
505
617
969
210
008
746
937
423
392
068
170
607
799
518
946
187
121
939
178
377
080
529
709
852
782
921
360
467
758
526
363
603
813
983
237
277
977
361
393
172
752
588
126
563
746
878
488
986
022
796
252
183
247
240
343
412
287
718
217
024
580
698
992
094
521
613
639
776
794
328
977
032
660
482
851
686
045
284
553
097
534
443
678
726
291
994
224
063
664
279
683
078
995
295
663
164
797
488
218
355
656
314
968
956
518
522
725
584
307
290
032
035
188
434
065
791
140
011
083
610
781
609
996
959
363