159
939
543
486
232
311
461
391
273
617
752
582
888
379
098
765
391
663
463
615
388
846
337
516
022
052
959
037
593
785
285
473
470
057
058
545
600
151
579
405
678
074
767
090
107
643
085
917
809
003
023
872
196
342
797
925
982
446
990
135
883
342
600
176
083
077
830
625
181
781
910
441
458
755
367
688
181
885
875
509
225
430
788
908
297
113
791
877
123
761
704
039
782
847
856
736
775
069
472
944
568
243
745
640
000
041
580
693
610
908
157
047
689
611
549
037
076
534
508
245
025
009
517
677
189
871
320
243
212
721
552
447
044
551
262
639
468
460
971
148
399
927
758
841
027
207
797
277
013
859
410
023
522
216
092
763
105
547
180
295
745
366
291
422
308
954
363
592
518
638
162
674
729
706
251
713
574
565
774
847
661
443
429
385
730
637
845
462
644
622
071
790
960
527
061
085
034
084
613
606
711
810
881
530
120
687
351
867
596
845
961
204
694
884
212
928
192
196
470
395
913
714
451
163
828
232
474
104
777
862
865
961
502
225
870
241
539
916
753
128
321
224
054
966
446
564
922
701
853
311
953
744
673
298
227
706
069
108
109
080
011
260
413
628
262
808
297
576
994
323
386
737
391
935
954
666
541
410
426
091
888
280
005
894
853
400
975
936
427
848
131
626
667
942
455
315
648
550
757
590
963
405
428
233
542
625
655
885
769
058
319
621
187
318
654
101
928
591
409
129
868
332
160
386
964
035
668
951
279
903
046
457
926
547
813
645
741
510
168
858
120
139
600
882
652
354
930
903
482
109
028
618
508
835
892
975
855
360
231
381
130
376
483
564
430
060
383
857
525
453
629
444
993
550
603
495
100
897
105
461
677
273
794
694
320
739
974
994
495
749
820
458
427
150
393
548
251
503
242
495