745
305
307
251
380
593
393
592
392
331
134
971
376
337
234
344
115
901
765
222
899
486
421
580
706
980
088
637
025
823
092
448
085
259
404
524
736
149
574
142
809
319
034
153
556
959
526
560
941
973
234
371
800
225
927
498
294
435
595
333
770
350
053
066
687
944
101
547
983
458
254
960
021
854
272
753
061
626
476
683
177
131
469
676
979
500
656
424
921
553
882
760
471
891
616
108
816
054
621
753
244
884
649
296
468
079
307
203
267
080
955
576
231
676
006
377
904
523
838
555
788
492
741
088
587
300
660
422
701
856
110
878
352
379
515
037
724
896
280
289
244
828
443
753
042
358
919
319
072
965
913
771
412
704
284
971
405
680
814
902
046
294
695
786
454
906
496
506
081
292
362
657
000
107
382
526
614
628
525
069
294
600
502
742
845
738
588
540
818
746
266
633
393
065
955
960
702
366
196
231
130
633
164
813
106
153
220
909
597
865
353
173
995
884
300
860
352
712
063
355
837
365
649
994
200
865
229
041
064
831
268
221
436
746
572
974
828
952
671
030
047
925
847
996
928
032
246
075
566
844
731
090
510
272
648
683
552
127
514
852
249
763
336
169
425
816
524
174
065
412
645
228
242
722
247
286
996
263
557
739
064
446
685
714
531
047
336
966
569
367
676
427
194
818
190
990
149
577
296
115
749
671
676
416
026
825
093
531
214
961
354
066
473
535
001
955
362
239
412
960
933
080
429
912
254
125
691
783
023
769
481
357
680
506
572
852
414
057
719
655
632
051
992
504
422
487
535
417
532
574
799
038
673
700
290
756
138
504
059
672
248
552
856
862
096
745
774
654
182
425
245
617
703
866
854
824
901
130
426
364
239
921
933
112
335
824
966
345
653
498
915
717
373
505
667
369
190
198
658
399
861
740
192
097
518
054
447
931
573
972
192
438
501
112
339
869
894
555
514
470
198
582
200
006
367
293
647
261
198
522
319
592
002
980
754
467
201
809
695
379
234
749
822
544
967
766
037
655
119
857