87
87
70
73
37
46
57
19
47
74
00
17
25
43
42
29
19
95
22
99
96
06
15
15
10
46
56
82
33
77
95
54
33
86
79
32
54
36
25
50
05
25
11
72
85
80
24
41
18
55
01
27
84
45
54
05
12
69
15
67
18
48
46
51
65
55
51
35
32
87
61
69
22
54
83
78
22
85
99
23
79
15
00
55
47
13
94
86
15
55
24
09
14
07
34
08
84
96
45
94
88
50
25
16
66
48
89
44
93
67
17
01
49
64
46
81
71
61
81
62
70
52
64
22
47
90
00
39
85
09
28
43
54
27
20
53
73
24
77
45
94
74
55
64
96
87
07
49
73
31