114
695
304
763
037
083
498
185
781
102
124
244
068
764
980
691
670
641
269
833
232
966
936
519
582
503
807
015
276
934
914
637
382
814
781
056
426
002
415
818
658
776
794
978
164
117
022
170
304
368
144
744
570
848
401
141
393
762
134
982
043
333
989
589
603
740
789
377
818
898
395
746
222
308
883
808
874
778
777
521
023
039
184
957
086
918
323
678
467
248
664
344
661
198
042
070
014
614
780
408
616
790
530
582
056
511
083
840
569
955
014
984
461
742
621
063
256
175
871
189
532
201
852
070
723
146
977
272
179
146
943
787
571
558
649
136
697
259
624
604
982
945
981
516
538
784
080
547
508
434
974
587
294
399
978
932
734
907
488
135
231
897
585
040
328
391
514
331
334
611
045
092
889
556
390
926
854
497
322
648
834
615
811
623
954
949
498
664
652
325
073
397
452
590
092
342
325
969
717
738
788
131
451
311
025
451
978
422
973
152
568
120
692
570
634
785
640
755
320
497
180
659
254
059
145
496
232
904
569
991
375
560
745
725
182
295
807
200
123
345
651
583
586
773
154
132
290
800
325
981
974
191
388
567
238
214
510
869
067
585
603
697
739
908
060
887
826
941
653
338
790
304
879
248
307
192
503
022
749
969
679
882
047
559
670
853
225
760
394
039
067
626
947
977
596
608
553
178
895
644
643
603
742
690
798
486
072
198
878
223
079
908
790
267
699
411
654
007
388
022
845
083
158
472
707
840
482
750
976
208
722
573
799
500
107
007
856
600
672
705
994
168
830
357
354
735
916
322
327
998
047
781
092
512
835
017
767
837
227
914
187
414
434
657
348
940
169
453
615
545
797
269
895
783
535
216
824
059
494
709
020
833
901
078
755
447
470
793
487
362
399
047
414
270
582
909
804
092
227
990
515
242
661
644
270
925
010
640
228
892
647
144
305
937
737
865
945
416
606
071
025
742
921
547
462
512
435
172
271
396
740
643
467
465
273
360
959
242
844
360
601
914
333
931
922
865
242
754
281
185
341
583
011
068
175
425
314
842
800
624
008
119
691
990
637
932
260
042
693
676
310
712
456
690
995
312
911
657
515
066
761
817
101
322
325
033
299
871
669
804
866
597
449
906
759
619
393
408
448
016